Data from ANSI/ANS 6.4.3 and QADS
PHOTON MASS ATTENUATION COEFFICIENTS  MU/RO (CM**2/G) PHOTX 1988 (FREE)
       28
 1.000E-2 1.500E-2 2.000E-2 3.000E-2 4.000E-2 5.000E-2 6.000E-2 8.000E-2
 1.000E-1 1.500E-1 2.000E-1 3.000E-1 4.000E-1 5.000E-1 6.000E-1 8.000E-1
 1.000E+0 1.500E+0 2.000E+0 3.000E+0 4.000E+0 5.000E+0 6.000E+0 8.000E+0
 1.000E+1 1.500E+1 2.000E+1 3.000E+1
  1 H HYDROGEN
 3.854E-1 3.764E-1 3.695E-1 3.570E-1 3.458E-1 3.355E-1 3.260E-1 3.091E-1
 2.944E-1 2.650E-1 2.429E-1 2.112E-1 1.892E-1 1.728E-1 1.598E-1 1.404E-1
 1.262E-1 1.026E-1 8.758E-2 6.910E-2 5.793E-2 5.036E-2 4.486E-2 3.735E-2
 3.244E-2 2.530E-2 2.145E-2 1.741E-2
  2HE HELIUM
 2.220E-1 1.966E-1 1.887E-1 1.804E-1 1.743E-1 1.691E-1 1.642E-1 1.558E-1
 1.483E-1 1.334E-1 1.223E-1 1.063E-1 9.530E-2 8.701E-2 8.049E-2 7.070E-2
 6.355E-2 5.167E-2 4.414E-2 3.495E-2 2.941E-2 2.569E-2 2.301E-2 1.935E-2
 1.698E-2 1.358E-2 1.179E-2 9.972E-3
  3LI LITHIUM
 3.027E-1 1.985E-1 1.741E-1 1.588E-1 1.519E-1 1.467E-1 1.423E-1 1.348E-1
 1.283E-1 1.155E-1 1.058E-1 9.197E-2 8.242E-2 7.526E-2 6.963E-2 6.116E-2
 5.497E-2 4.469E-2 3.824E-2 3.037E-2 2.566E-2 2.252E-2 2.025E-2 1.721E-2
 1.525E-2 1.248E-2 1.105E-2 9.654E-3
  4BE BERYLLIUM
 5.941E-1 2.782E-1 2.072E-1 1.705E-1 1.588E-1 1.520E-1 1.469E-1 1.387E-1
 1.319E-1 1.186E-1 1.086E-1 9.449E-2 8.466E-2 7.732E-2 7.150E-2 6.280E-2
 5.645E-2 4.590E-2 3.931E-2 3.132E-2 2.658E-2 2.342E-2 2.116E-2 1.814E-2
 1.623E-2 1.356E-2 1.223E-2 1.097E-2
  5 B BORON
 1.182E+0 4.407E-1 2.746E-1 1.930E-1 1.714E-1 1.612E-1 1.546E-1 1.450E-1
 1.377E-1 1.237E-1 1.132E-1 9.845E-2 8.819E-2 8.055E-2 7.448E-2 6.546E-2
 5.883E-2 4.785E-2 4.102E-2 3.277E-2 2.793E-2 2.471E-2 2.242E-2 1.940E-2
 1.750E-2 1.491E-2 1.365E-2 1.252E-2
  6 C CARBON
 2.268E+0 7.476E-1 4.035E-1 2.368E-1 1.960E-1 1.794E-1 1.698E-1 1.578E-1
 1.493E-1 1.338E-1 1.223E-1 1.063E-1 9.527E-2 8.700E-2 8.047E-2 7.070E-2
 6.352E-2 5.167E-2 4.435E-2 3.555E-2 3.040E-2 2.701E-2 2.463E-2 2.148E-2
 1.954E-2 1.693E-2 1.571E-2 1.468E-2
  7 N NITROGEN
 3.736E+0 1.156E+0 5.667E-1 2.807E-1 2.133E-1 1.877E-1 1.743E-1 1.596E-1
 1.501E-1 1.340E-1 1.225E-1 1.064E-1 9.535E-2 8.703E-2 8.049E-2 7.073E-2
 6.355E-2 5.173E-2 4.444E-2 3.571E-2 3.066E-2 2.736E-2 2.505E-2 2.203E-2
 2.019E-2 1.778E-2 1.669E-2 1.584E-2
  8 O OXYGEN
 5.758E+0 1.731E+0 7.985E-1 3.440E-1 2.382E-1 1.997E-1 1.811E-1 1.622E-1
 1.514E-1 1.344E-1 1.227E-1 1.066E-1 9.538E-2 8.708E-2 8.056E-2 7.077E-2
 6.362E-2 5.178E-2 4.450E-2 3.589E-2 3.093E-2 2.770E-2 2.546E-2 2.258E-2
 2.084E-2 1.861E-2 1.766E-2 1.702E-2
  9 F FLUORINE
 7.965E+0 2.363E+0 1.051E+0 4.074E-1 2.581E-1 2.050E-1 1.803E-1 1.571E-1
 1.452E-1 1.278E-1 1.164E-1 1.010E-1 9.039E-2 8.254E-2 7.632E-2 6.705E-2
 6.026E-2 4.905E-2 4.220E-2 3.415E-2 2.953E-2 2.657E-2 2.451E-2 2.190E-2
 2.034E-2 1.842E-2 1.765E-2 1.722E-2
 10NE NEON
 1.164E+1 3.441E+0 1.498E+0 5.376E-1 3.146E-1 2.362E-1 2.007E-1 1.691E-1
 1.542E-1 1.343E-1 1.221E-1 1.057E-1 9.461E-2 8.636E-2 7.987E-2 7.015E-2
 6.303E-2 5.135E-2 4.423E-2 3.588E-2 3.115E-2 2.811E-2 2.605E-2 2.343E-2
 2.192E-2 2.008E-2 1.942E-2 1.915E-2
 11NA SODIUM
 1.520E+1 4.498E+0 1.934E+0 6.576E-1 3.595E-1 2.555E-1 2.091E-1 1.693E-1
 1.518E-1 1.305E-1 1.181E-1 1.021E-1 9.136E-2 8.339E-2 7.711E-2 6.774E-2
 6.087E-2 4.958E-2 4.274E-2 3.478E-2 3.031E-2 2.747E-2 2.553E-2 2.314E-2
 2.176E-2 2.018E-2 1.966E-2 1.958E-2
 12MG MAGNESIUM
 2.063E+1 6.124E+0 2.616E+0 8.562E-1 4.431E-1 2.993E-1 2.357E-1 1.827E-1
 1.605E-1 1.357E-1 1.224E-1 1.055E-1 9.434E-2 8.608E-2 7.960E-2 6.990E-2
 6.283E-2 5.118E-2 4.415E-2 3.604E-2 3.153E-2 2.866E-2 2.675E-2 2.439E-2
 2.308E-2 2.163E-2 2.123E-2 2.134E-2
 13AL ALUMINUM
 2.575E+1 7.697E+0 3.279E+0 1.045E+0 5.184E-1 3.347E-1 2.539E-1 1.880E-1
 1.614E-1 1.337E-1 1.199E-1 1.031E-1 9.213E-2 8.403E-2 7.769E-2 6.821E-2
 6.132E-2 4.995E-2 4.316E-2 3.533E-2 3.101E-2 2.829E-2 2.649E-2 2.432E-2
 2.313E-2 2.191E-2 2.164E-2 2.192E-2
 14SI SILICON
 3.334E+1 1.004E+1 4.275E+0 1.340E+0 6.425E-1 3.993E-1 2.927E-1 2.065E-1
 1.729E-1 1.399E-1 1.247E-1 1.069E-1 9.542E-2 8.698E-2 8.041E-2 7.058E-2
 6.344E-2 5.171E-2 4.469E-2 3.670E-2 3.233E-2 2.960E-2 2.781E-2 2.568E-2
 2.457E-2 2.347E-2 2.334E-2 2.381E-2
 15 P PHOSPHORUS
 3.978E+1 1.207E+1 5.148E+0 1.596E+0 7.459E-1 4.489E-1 3.188E-1 2.146E-1
 1.749E-1 1.379E-1 1.219E-1 1.041E-1 9.279E-2 8.458E-2 7.815E-2 6.859E-2
 6.164E-2 5.027E-2 4.348E-2 3.580E-2 3.165E-2 2.908E-2 2.741E-2 2.547E-2
 2.447E-2 2.360E-2 2.359E-2 2.422E-2
 16 S SULFUR
 4.950E+1 1.513E+1 6.475E+0 1.993E+0 9.144E-1 5.358E-1 3.701E-1 2.381E-1
 1.886E-1 1.444E-1 1.267E-1 1.075E-1 9.574E-2 8.722E-2 8.059E-2 7.071E-2
 6.353E-2 5.181E-2 4.487E-2 3.706E-2 3.287E-2 3.031E-2 2.866E-2 2.677E-2
 2.585E-2 2.512E-2 2.525E-2 2.609E-2
 17CL CHLORINE
 5.659E+1 1.745E+1 7.492E+0 2.299E+0 1.039E+0 5.959E-1 4.019E-1 2.476E-1
 1.906E-1 1.414E-1 1.228E-1 1.037E-1 9.214E-2 8.388E-2 7.747E-2 6.796E-2
 6.107E-2 4.981E-2 4.317E-2 3.577E-2 3.182E-2 2.944E-2 2.792E-2 2.623E-2
 2.543E-2 2.491E-2 2.516E-2 2.614E-2
 18AR ARGON
 6.249E+1 1.943E+1 8.375E+0 2.566E+0 1.148E+0 6.470E-1 4.273E-1 2.531E-1
 1.893E-1 1.359E-1 1.166E-1 9.773E-2 8.672E-2 7.890E-2 7.286E-2 6.389E-2
 5.740E-2 4.682E-2 4.062E-2 3.375E-2 3.013E-2 2.797E-2 2.660E-2 2.512E-2
 2.446E-2 2.414E-2 2.449E-2 2.558E-2
 19 K POTASSIUM
 7.832E+1 2.457E+1 1.063E+1 3.260E+0 1.447E+0 8.042E-1 5.220E-1 2.981E-1
 2.168E-1 1.501E-1 1.273E-1 1.059E-1 9.373E-2 8.520E-2 7.864E-2 6.894E-2
 6.192E-2 5.053E-2 4.388E-2 3.657E-2 3.274E-2 3.047E-2 2.908E-2 2.761E-2
 2.699E-2 2.682E-2 2.733E-2 2.866E-2
 20CA CALCIUM
 9.259E+1 2.929E+1 1.273E+1 3.909E+0 1.726E+0 9.483E-1 6.067E-1 3.355E-1
 2.374E-1 1.583E-1 1.324E-1 1.092E-1 9.648E-2 8.761E-2 8.083E-2 7.083E-2
 6.361E-2 5.191E-2 4.512E-2 3.771E-2 3.386E-2 3.163E-2 3.027E-2 2.887E-2
 2.834E-2 2.833E-2 2.899E-2 3.055E-2
 21SC SCANDIUM
 9.872E+1 3.152E+1 1.376E+1 4.237E+0 1.864E+0 1.015E+0 6.415E-1 3.446E-1
 2.377E-1 1.527E-1 1.257E-1 1.028E-1 9.055E-2 8.215E-2 7.574E-2 6.635E-2
 5.957E-2 4.862E-2 4.231E-2 3.545E-2 3.193E-2 2.992E-2 2.872E-2 2.752E-2
 2.711E-2 2.728E-2 2.800E-2 2.963E-2
 22TI TITANIUM
 1.099E+2 3.535E+1 1.550E+1 4.789E+0 2.101E+0 1.137E+0 7.111E-1 3.726E-1
 2.508E-1 1.551E-1 1.258E-1 1.017E-1 8.934E-2 8.096E-2 7.460E-2 6.531E-2
 5.863E-2 4.785E-2 4.168E-2 3.502E-2 3.165E-2 2.974E-2 2.862E-2 2.753E-2
 2.723E-2 2.758E-2 2.840E-2 3.017E-2
 23 V VANADIUM
 1.209E+2 3.928E+1 1.731E+1 5.371E+0 2.355E+0 1.267E+0 7.855E-1 4.026E-1
 2.649E-1 1.577E-1 1.258E-1 1.007E-1 8.809E-2 7.972E-2 7.341E-2 6.423E-2
 5.764E-2 4.704E-2 4.102E-2 3.456E-2 3.133E-2 2.953E-2 2.848E-2 2.754E-2
 2.733E-2 2.782E-2 2.873E-2 3.064E-2
 24CR CHROMIUM
 1.377E+2 4.512E+1 1.998E+1 6.221E+0 2.725E+0 1.462E+0 8.998E-1 4.523E-1
 2.917E-1 1.674E-1 1.312E-1 1.037E-1 9.040E-2 8.168E-2 7.518E-2 6.572E-2
 5.897E-2 4.814E-2 4.200E-2 3.549E-2 3.227E-2 3.050E-2 2.950E-2 2.864E-2
 2.850E-2 2.916E-2 3.022E-2 3.232E-2
 25MN MANGANESE
 1.504E+2 4.965E+1 2.211E+1 6.917E+0 3.031E+0 1.621E+0 9.922E-1 4.903E-1
 3.102E-1 1.715E-1 1.321E-1 1.030E-1 8.950E-2 8.073E-2 7.424E-2 6.487E-2
 5.817E-2 4.749E-2 4.148E-2 3.514E-2 3.204E-2 3.038E-2 2.945E-2 2.870E-2
 2.866E-2 2.947E-2 3.064E-2 3.287E-2
 26FE IRON
 1.696E+2 5.641E+1 2.522E+1 7.930E+0 3.478E+0 1.854E+0 1.131E+0 5.510E-1
 3.425E-1 1.829E-1 1.383E-1 1.064E-1 9.200E-2 8.282E-2 7.611E-2 6.644E-2
 5.957E-2 4.862E-2 4.250E-2 3.611E-2 3.303E-2 3.139E-2 3.050E-2 2.985E-2
 2.989E-2 3.088E-2 3.220E-2 3.465E-2
 27CO COBALT
 1.829E+2 6.130E+1 2.754E+1 8.703E+0 3.821E+0 2.036E+0 1.236E+0 5.948E-1
 3.640E-1 1.881E-1 1.395E-1 1.057E-1 9.098E-2 8.178E-2 7.505E-2 6.546E-2
 5.867E-2 4.789E-2 4.189E-2 3.569E-2 3.274E-2 3.119E-2 3.039E-2 2.985E-2
 2.997E-2 3.111E-2 3.252E-2 3.508E-2
 28NI NICKEL
 2.077E+2 7.003E+1 3.167E+1 1.005E+1 4.422E+0 2.354E+0 1.425E+0 6.786E-1
 4.097E-1 2.049E-1 1.490E-1 1.113E-1 9.529E-2 8.545E-2 7.835E-2 6.827E-2
 6.116E-2 4.991E-2 4.370E-2 3.734E-2 3.435E-2 3.281E-2 3.202E-2 3.158E-2
 3.180E-2 3.316E-2 3.472E-2 3.755E-2
 29CU COPPER
 2.146E+2 7.325E+1 3.325E+1 1.062E+1 4.680E+0 2.490E+0 1.504E+0 7.097E-1
 4.232E-1 2.053E-1 1.466E-1 1.076E-1 9.170E-2 8.204E-2 7.513E-2 6.540E-2
 5.856E-2 4.780E-2 4.188E-2 3.588E-2 3.309E-2 3.169E-2 3.102E-2 3.068E-2
 3.099E-2 3.243E-2 3.404E-2 3.690E-2
 30ZN ZINC
 2.317E+2 8.032E+1 3.662E+1 1.175E+1 5.190E+0 2.761E+0 1.664E+0 7.797E-1
 4.597E-1 2.168E-1 1.518E-1 1.096E-1 9.280E-2 8.283E-2 7.576E-2 6.587E-2
 5.894E-2 4.810E-2 4.219E-2 3.624E-2 3.351E-2 3.217E-2 3.155E-2 3.133E-2
 3.171E-2 3.330E-2 3.506E-2 3.808E-2
 31GA GALLIUM
 3.273E+1 8.450E+1 3.869E+1 1.249E+1 5.526E+0 2.940E+0 1.770E+0 8.239E-1
 4.810E-1 2.207E-1 1.516E-1 1.076E-1 9.057E-2 8.061E-2 7.364E-2 6.394E-2
 5.719E-2 4.666E-2 4.096E-2 3.527E-2 3.271E-2 3.149E-2 3.092E-2 3.080E-2
 3.125E-2 3.295E-2 3.476E-2 3.785E-2
 32GE GERMANIUM
 3.589E+1 9.063E+1 4.161E+1 1.351E+1 5.998E+0 3.194E+0 1.920E+0 8.890E-1
 5.144E-1 2.302E-1 1.552E-1 1.082E-1 9.045E-2 8.031E-2 7.325E-2 6.353E-2
 5.679E-2 4.631E-2 4.069E-2 3.513E-2 3.266E-2 3.152E-2 3.101E-2 3.098E-2
 3.151E-2 3.337E-2 3.525E-2 3.846E-2
 33AS ARSENIC
 3.954E+1 9.760E+1 4.500E+1 1.470E+1 6.540E+0 3.485E+0 2.094E+0 9.652E-1
 5.541E-1 2.423E-1 1.604E-1 1.097E-1 9.115E-2 8.066E-2 7.345E-2 6.361E-2
 5.682E-2 4.634E-2 4.075E-2 3.527E-2 3.287E-2 3.180E-2 3.134E-2 3.140E-2
 3.202E-2 3.401E-2 3.599E-2 3.936E-2
 34SE SELENIUM
 4.249E+1 1.022E+2 4.752E+1 1.560E+1 6.956E+0 3.709E+0 2.229E+0 1.023E+0
 5.835E-1 2.496E-1 1.623E-1 1.090E-1 8.992E-2 7.929E-2 7.208E-2 6.232E-2
 5.564E-2 4.536E-2 3.991E-2 3.464E-2 3.238E-2 3.137E-2 3.099E-2 3.113E-2
 3.182E-2 3.391E-2 3.596E-2 3.938E-2
 35BR BROMINE
 4.737E+1 1.109E+2 5.195E+1 1.714E+1 7.657E+0 4.097E+0 2.462E+0 1.127E+0
 6.387E-1 2.678E-1 1.711E-1 1.128E-1 9.227E-2 8.113E-2 7.363E-2 6.355E-2
 5.669E-2 4.620E-2 4.069E-2 3.540E-2 3.317E-2 3.221E-2 3.188E-2 3.212E-2
 3.289E-2 3.517E-2 3.734E-2 4.097E-2
 36KR KRYPTON
 5.079E+1 1.157E+2 5.476E+1 1.813E+1 8.138E+0 4.352E+0 2.615E+0 1.193E+0
 6.732E-1 2.770E-1 1.741E-1 1.126E-1 9.141E-2 8.007E-2 7.253E-2 6.249E-2
 5.570E-2 4.538E-2 4.000E-2 3.489E-2 3.276E-2 3.188E-2 3.161E-2 3.194E-2
 3.276E-2 3.514E-2 3.737E-2 4.108E-2
 37RB RUBIDIUM
 5.582E+1 1.797E+1 5.905E+1 1.967E+1 8.846E+0 4.738E+0 2.848E+0 1.297E+0
 7.282E-1 2.946E-1 1.821E-1 1.156E-1 9.311E-2 8.124E-2 7.344E-2 6.316E-2
 5.625E-2 4.580E-2 4.040E-2 3.532E-2 3.325E-2 3.242E-2 3.221E-2 3.262E-2
 3.352E-2 3.605E-2 3.841E-2 4.229E-2
 38SR STRONTIUM
 6.082E+1 1.962E+1 6.308E+1 2.112E+1 9.542E+0 5.116E+0 3.077E+0 1.400E+0
 7.823E-1 3.115E-1 1.897E-1 1.181E-1 9.428E-2 8.198E-2 7.392E-2 6.345E-2
 5.647E-2 4.596E-2 4.058E-2 3.555E-2 3.355E-2 3.278E-2 3.261E-2 3.312E-2
 3.409E-2 3.679E-2 3.923E-2 4.325E-2
 39 Y YTTRIUM
 6.672E+1 2.156E+1 6.773E+1 2.284E+1 1.036E+1 5.564E+0 3.348E+0 1.522E+0
 8.474E-1 3.326E-1 1.994E-1 1.218E-1 9.655E-2 8.356E-2 7.518E-2 6.439E-2
 5.724E-2 4.656E-2 4.114E-2 3.615E-2 3.418E-2 3.347E-2 3.334E-2 3.393E-2
 3.499E-2 3.786E-2 4.044E-2 4.466E-2
 40ZR ZIRCONIUM
 7.212E+1 2.335E+1 7.151E+1 2.438E+1 1.109E+1 5.966E+0 3.592E+0 1.631E+0
 9.061E-1 3.509E-1 2.075E-1 1.244E-1 9.764E-2 8.420E-2 7.560E-2 6.459E-2
 5.736E-2 4.663E-2 4.123E-2 3.630E-2 3.441E-2 3.376E-2 3.367E-2 3.435E-2
 3.549E-2 3.851E-2 4.118E-2 4.553E-2
 41NB NIOBIUM
 7.826E+1 2.539E+1 7.623E+1 2.616E+1 1.191E+1 6.426E+0 3.874E+0 1.759E+0
 9.731E-1 3.728E-1 2.174E-1 1.279E-1 9.954E-2 8.546E-2 7.655E-2 6.524E-2
 5.788E-2 4.703E-2 4.160E-2 3.672E-2 3.488E-2 3.427E-2 3.424E-2 3.502E-2
 3.623E-2 3.940E-2 4.220E-2 4.672E-2
 42MO MOLYBDENUM
 8.358E+1 2.716E+1 7.862E+1 2.759E+1 1.261E+1 6.812E+0 4.110E+0 1.864E+0
 1.031E+0 3.902E-1 2.246E-1 1.298E-1 1.001E-1 8.553E-2 7.638E-2 6.497E-2
 5.757E-2 4.673E-2 4.138E-2 3.661E-2 3.485E-2 3.430E-2 3.433E-2 3.517E-2
 3.645E-2 3.974E-2 4.261E-2 4.721E-2
 43TC TECHNETIUM
 9.009E+1 2.935E+1 1.314E+1 2.940E+1 1.346E+1 7.289E+0 4.400E+0 1.997E+0
 1.101E+0 4.129E-1 2.349E-1 1.334E-1 1.018E-1 8.655E-2 7.716E-2 6.543E-2
 5.792E-2 4.699E-2 4.163E-2 3.690E-2 3.521E-2 3.473E-2 3.479E-2 3.572E-2
 3.707E-2 4.051E-2 4.349E-2 4.825E-2
 44RU RUTHENIUM
 9.573E+1 3.125E+1 1.401E+1 3.086E+1 1.417E+1 7.681E+0 4.646E+0 2.110E+0
 1.162E+0 4.316E-1 2.427E-1 1.353E-1 1.024E-1 8.664E-2 7.704E-2 6.516E-2
 5.759E-2 4.667E-2 4.137E-2 3.676E-2 3.516E-2 3.473E-2 3.483E-2 3.585E-2
 3.725E-2 4.079E-2 4.383E-2 4.869E-2
 45RH RHODIUM
 1.030E+2 3.367E+1 1.512E+1 3.274E+1 1.508E+1 8.196E+0 4.963E+0 2.255E+0
 1.241E+0 4.570E-1 2.542E-1 1.394E-1 1.045E-1 8.793E-2 7.797E-2 6.572E-2
 5.803E-2 4.700E-2 4.169E-2 3.712E-2 3.557E-2 3.520E-2 3.534E-2 3.644E-2
 3.791E-2 4.161E-2 4.477E-2 4.977E-2
 46PD PALLADIUM
 1.086E+2 3.562E+1 1.600E+1 3.407E+1 1.577E+1 8.590E+0 5.210E+0 2.368E+0
 1.302E+0 4.759E-1 2.621E-1 1.412E-1 1.049E-1 8.785E-2 7.762E-2 6.530E-2
 5.756E-2 4.657E-2 4.133E-2 3.688E-2 3.540E-2 3.509E-2 3.529E-2 3.645E-2
 3.796E-2 4.177E-2 4.497E-2 5.002E-2
 47AG SILVER
 1.168E+2 3.839E+1 1.727E+1 3.608E+1 1.680E+1 9.173E+0 5.568E+0 2.532E+0
 1.391E+0 5.053E-1 2.756E-1 1.461E-1 1.075E-1 8.955E-2 7.890E-2 6.613E-2
 5.823E-2 4.706E-2 4.179E-2 3.737E-2 3.594E-2 3.568E-2 3.593E-2 3.717E-2
 3.876E-2 4.272E-2 4.605E-2 5.129E-2
 48CD CADMIUM
 1.219E+2 4.018E+1 1.809E+1 3.704E+1 1.739E+1 9.504E+0 5.774E+0 2.630E+0
 1.444E+0 5.213E-1 2.818E-1 1.471E-1 1.071E-1 8.878E-2 7.799E-2 6.518E-2
 5.729E-2 4.625E-2 4.109E-2 3.681E-2 3.547E-2 3.527E-2 3.555E-2 3.685E-2
 3.848E-2 4.249E-2 4.584E-2 5.108E-2
 49IN INDIUM
 1.296E+2 4.281E+1 1.930E+1 3.886E+1 1.832E+1 1.002E+1 6.098E+0 2.782E+0
 1.526E+0 5.481E-1 2.939E-1 1.510E-1 1.090E-1 8.980E-2 7.865E-2 6.548E-2
 5.747E-2 4.634E-2 4.120E-2 3.698E-2 3.570E-2 3.554E-2 3.588E-2 3.724E-2
 3.893E-2 4.307E-2 4.650E-2 5.186E-2
 50SN TIN
 1.359E+2 4.499E+1 2.030E+1 4.058E+1 1.902E+1 1.041E+1 6.355E+0 2.901E+0
 1.592E+0 5.690E-1 3.026E-1 1.532E-1 1.095E-1 8.976E-2 7.831E-2 6.503E-2
 5.696E-2 4.588E-2 4.081E-2 3.670E-2 3.550E-2 3.539E-2 3.576E-2 3.717E-2
 3.891E-2 4.312E-2 4.659E-2 5.200E-2
 51SB ANTIMONY
 1.432E+2 4.754E+1 2.150E+1 6.974E+0 1.985E+1 1.090E+1 6.659E+0 3.045E+0
 1.670E+0 5.946E-1 3.140E-1 1.567E-1 1.109E-1 9.042E-2 7.864E-2 6.504E-2
 5.688E-2 4.576E-2 4.072E-2 3.669E-2 3.555E-2 3.549E-2 3.590E-2 3.739E-2
 3.915E-2 4.346E-2 4.700E-2 5.250E-2
 52TE TELLURIUM
 1.475E+2 4.910E+1 2.223E+1 7.221E+0 2.022E+1 1.115E+1 6.821E+0 3.123E+0
 1.713E+0 6.075E-1 3.186E-1 1.568E-1 1.099E-1 8.915E-2 7.728E-2 6.369E-2
 5.558E-2 4.466E-2 3.977E-2 3.589E-2 3.482E-2 3.482E-2 3.526E-2 3.677E-2
 3.854E-2 4.286E-2 4.638E-2 5.184E-2
 53 I IODINE
 1.599E+2 5.336E+1 2.419E+1 7.867E+0 2.165E+1 1.201E+1 7.348E+0 3.370E+0
 1.849E+0 6.535E-1 3.406E-1 1.654E-1 1.149E-1 9.262E-2 8.002E-2 6.568E-2
 5.722E-2 4.592E-2 4.090E-2 3.697E-2 3.594E-2 3.598E-2 3.647E-2 3.809E-2
 3.996E-2 4.451E-2 4.819E-2 5.393E-2
 54XE XENON
 1.663E+2 5.566E+1 2.526E+1 8.225E+0 2.225E+1 1.241E+1 7.589E+0 3.491E+0
 1.915E+0 6.750E-1 3.497E-1 1.677E-1 1.154E-1 9.254E-2 7.961E-2 6.515E-2
 5.668E-2 4.537E-2 4.043E-2 3.662E-2 3.564E-2 3.573E-2 3.625E-2 3.791E-2
 3.981E-2 4.441E-2 4.811E-2 5.385E-2
 55CS CESIUM
 1.765E+2 5.924E+1 2.693E+1 8.780E+0 2.334E+1 1.307E+1 8.007E+0 3.688E+0
 2.025E+0 7.123E-1 3.669E-1 1.737E-1 1.185E-1 9.443E-2 8.101E-2 6.599E-2
 5.731E-2 4.583E-2 4.085E-2 3.705E-2 3.612E-2 3.625E-2 3.681E-2 3.854E-2
 4.051E-2 4.525E-2 4.906E-2 5.494E-2
 56BA BARIUM
 1.832E+2 6.164E+1 2.808E+1 9.167E+0 2.410E+1 1.346E+1 8.264E+0 3.813E+0
 2.095E+0 7.352E-1 3.768E-1 1.763E-1 1.192E-1 9.446E-2 8.075E-2 6.553E-2
 5.676E-2 4.532E-2 4.041E-2 3.672E-2 3.585E-2 3.602E-2 3.661E-2 3.838E-2
 4.037E-2 4.514E-2 4.898E-2 5.486E-2
 57LA LANTHANUM
 1.938E+2 6.545E+1 2.985E+1 9.760E+0 2.529E+1 1.413E+1 8.706E+0 4.022E+0
 2.211E+0 7.747E-1 3.952E-1 1.829E-1 1.225E-1 9.654E-2 8.223E-2 6.643E-2
 5.744E-2 4.578E-2 4.084E-2 3.717E-2 3.633E-2 3.653E-2 3.717E-2 3.900E-2
 4.108E-2 4.599E-2 4.992E-2 5.596E-2
 58CE CERIUM
 2.052E+2 6.948E+1 3.174E+1 1.040E+1 4.708E+0 1.484E+1 9.183E+0 4.248E+0
 2.337E+0 8.175E-1 4.153E-1 1.901E-1 1.263E-1 9.894E-2 8.392E-2 6.756E-2
 5.826E-2 4.637E-2 4.137E-2 3.770E-2 3.691E-2 3.715E-2 3.783E-2 3.974E-2
 4.188E-2 4.694E-2 5.100E-2 5.722E-2
 59PR PRASEODYMIUM
 2.178E+2 7.397E+1 3.383E+1 1.110E+1 5.031E+0 1.562E+1 9.703E+0 4.494E+0
 2.475E+0 8.644E-1 4.374E-1 1.983E-1 1.306E-1 1.017E-1 8.597E-2 6.888E-2
 5.928E-2 4.708E-2 4.203E-2 3.836E-2 3.759E-2 3.789E-2 3.861E-2 4.060E-2
 4.282E-2 4.804E-2 5.222E-2 5.863E-2
 60ND NEODYMIUM
 2.268E+2 7.719E+1 3.538E+1 1.162E+1 5.272E+0 1.612E+1 1.005E+1 4.668E+0
 2.573E+0 8.973E-1 4.524E-1 2.030E-1 1.327E-1 1.028E-1 8.652E-2 6.903E-2
 5.926E-2 4.696E-2 4.194E-2 3.834E-2 3.761E-2 3.795E-2 3.870E-2 4.074E-2
 4.298E-2 4.828E-2 5.253E-2 5.897E-2
 61PM PROMETHIUM
 2.407E+2 8.199E+1 3.765E+1 1.239E+1 5.620E+0 1.696E+1 1.058E+1 4.927E+0
 2.720E+0 9.478E-1 4.764E-1 2.118E-1 1.373E-1 1.057E-1 8.873E-2 7.044E-2
 6.034E-2 4.777E-2 4.264E-2 3.902E-2 3.834E-2 3.871E-2 3.950E-2 4.162E-2
 4.395E-2 4.941E-2 5.376E-2 6.042E-2
 62SM SAMARIUM
 2.466E+2 8.418E+1 3.873E+1 1.277E+1 5.799E+0 1.735E+1 1.078E+1 5.030E+0
 2.780E+0 9.693E-1 4.854E-1 2.140E-1 1.376E-1 1.054E-1 8.806E-2 6.965E-2
 5.949E-2 4.700E-2 4.196E-2 3.845E-2 3.782E-2 3.822E-2 3.903E-2 4.117E-2
 4.349E-2 4.895E-2 5.331E-2 5.990E-2
 63EU EUROPIUM
 2.595E+2 8.869E+1 4.085E+1 1.351E+1 6.136E+0 1.809E+1 1.125E+1 5.269E+0
 2.914E+0 1.016E+0 5.076E-1 2.219E-1 1.416E-1 1.079E-1 8.978E-2 7.065E-2
 6.027E-2 4.747E-2 4.240E-2 3.890E-2 3.829E-2 3.873E-2 3.957E-2 4.178E-2
 4.416E-2 4.976E-2 5.419E-2 6.096E-2
 64GD GADOLINIUM
 2.659E+2 9.115E+1 4.204E+1 1.393E+1 6.335E+0 3.450E+0 1.144E+1 5.385E+0
 2.982E+0 1.040E+0 5.181E-1 2.247E-1 1.424E-1 1.078E-1 8.941E-2 7.005E-2
 5.958E-2 4.682E-2 4.183E-2 3.841E-2 3.786E-2 3.832E-2 3.919E-2 4.140E-2
 4.378E-2 4.939E-2 5.381E-2 6.054E-2
 65TB TERBIUM
 2.779E+2 9.572E+1 4.425E+1 1.469E+1 6.683E+0 3.640E+0 1.191E+1 5.629E+0
 3.122E+0 1.088E+0 5.408E-1 2.328E-1 1.465E-1 1.104E-1 9.117E-2 7.107E-2
 6.031E-2 4.728E-2 4.225E-2 3.884E-2 3.832E-2 3.882E-2 3.971E-2 4.199E-2
 4.443E-2 5.012E-2 5.466E-2 6.152E-2
 66DY DYSPROSIUM
 2.866E+2 9.928E+1 4.600E+1 1.529E+1 6.965E+0 3.795E+0 1.227E+1 5.815E+0
 3.226E+0 1.124E+0 5.578E-1 2.385E-1 1.490E-1 1.116E-1 9.185E-2 7.131E-2
 6.034E-2 4.719E-2 4.217E-2 3.880E-2 3.832E-2 3.884E-2 3.976E-2 4.207E-2
 4.454E-2 5.029E-2 5.489E-2 6.178E-2
 67HO HOLMIUM
 2.975E+2 1.036E+2 4.813E+1 1.603E+1 7.306E+0 3.982E+0 1.276E+1 6.038E+0
 3.355E+0 1.170E+0 5.792E-1 2.460E-1 1.527E-1 1.138E-1 9.328E-2 7.205E-2
 6.080E-2 4.747E-2 4.240E-2 3.905E-2 3.860E-2 3.915E-2 4.010E-2 4.246E-2
 4.498E-2 5.084E-2 5.547E-2 6.250E-2
 68ER ERBIUM
 3.091E+2 1.081E+2 5.030E+1 1.679E+1 7.663E+0 4.177E+0 1.328E+1 6.269E+0
 3.486E+0 1.217E+0 6.017E-1 2.540E-1 1.566E-1 1.161E-1 9.481E-2 7.291E-2
 6.134E-2 4.776E-2 4.266E-2 3.932E-2 3.890E-2 3.949E-2 4.046E-2 4.287E-2
 4.543E-2 5.136E-2 5.609E-2 6.323E-2
 69TM THULIUM
 2.791E+2 1.132E+2 5.273E+1 1.764E+1 8.063E+0 4.398E+0 1.374E+1 6.526E+0
 3.634E+0 1.270E+0 6.272E-1 2.631E-1 1.612E-1 1.189E-1 9.677E-2 7.403E-2
 6.212E-2 4.824E-2 4.310E-2 3.975E-2 3.936E-2 3.997E-2 4.098E-2 4.345E-2
 4.606E-2 5.211E-2 5.694E-2 6.420E-2
 70YB YTTERBIUM
 2.904E+2 1.167E+2 5.447E+1 1.827E+1 8.358E+0 4.560E+0 2.791E+0 6.690E+0
 3.732E+0 1.307E+0 6.443E-1 2.688E-1 1.637E-1 1.201E-1 9.734E-2 7.416E-2
 6.205E-2 4.805E-2 4.294E-2 3.962E-2 3.926E-2 3.989E-2 4.091E-2 4.340E-2
 4.603E-2 5.214E-2 5.696E-2 6.423E-2
 71LU LUTETIUM
 2.170E+2 1.221E+2 5.698E+1 1.915E+1 8.770E+0 4.787E+0 2.931E+0 6.935E+0
 3.879E+0 1.361E+0 6.700E-1 2.781E-1 1.683E-1 1.230E-1 9.928E-2 7.524E-2
 6.282E-2 4.848E-2 4.330E-2 4.001E-2 3.967E-2 4.032E-2 4.136E-2 4.391E-2
 4.658E-2 5.278E-2 5.769E-2 6.510E-2
 72HF HAFNIUM
 2.259E+2 1.263E+2 5.899E+1 1.988E+1 9.112E+0 4.978E+0 3.048E+0 7.119E+0
 3.997E+0 1.402E+0 6.899E-1 2.850E-1 1.716E-1 1.247E-1 1.004E-1 7.569E-2
 6.300E-2 4.848E-2 4.331E-2 4.002E-2 3.971E-2 4.039E-2 4.145E-2 4.402E-2
 4.671E-2 5.296E-2 5.792E-2 6.538E-2
 73TA TANTALUM
 2.336E+2 1.313E+2 6.142E+1 2.075E+1 9.518E+0 5.205E+0 3.188E+0 7.351E+0
 4.140E+0 1.454E+0 7.148E-1 2.938E-1 1.760E-1 1.273E-1 1.021E-1 7.660E-2
 6.358E-2 4.882E-2 4.355E-2 4.028E-2 3.999E-2 4.068E-2 4.177E-2 4.438E-2
 4.711E-2 5.345E-2 5.848E-2 6.602E-2
 74 W TUNGSTEN
 9.256E+1 1.361E+2 6.376E+1 2.158E+1 9.922E+0 5.426E+0 3.324E+0 7.568E+0
 4.273E+0 1.502E+0 7.383E-1 3.023E-1 1.801E-1 1.297E-1 1.036E-1 7.738E-2
 6.403E-2 4.902E-2 4.373E-2 4.046E-2 4.019E-2 4.089E-2 4.199E-2 4.464E-2
 4.741E-2 5.380E-2 5.889E-2 6.650E-2
 75RE RHENIUM
 9.667E+1 1.411E+2 6.635E+1 2.251E+1 1.036E+1 5.669E+0 3.473E+0 7.823E+0
 4.418E+0 1.556E+0 7.645E-1 3.118E-1 1.848E-1 1.326E-1 1.055E-1 7.840E-2
 6.469E-2 4.937E-2 4.405E-2 4.075E-2 4.049E-2 4.123E-2 4.235E-2 4.503E-2
 4.784E-2 5.432E-2 5.949E-2 6.720E-2
 76OS OSMIUM
 1.000E+2 1.449E+2 6.834E+1 2.325E+1 1.071E+1 5.869E+0 3.598E+0 8.037E+0
 4.526E+0 1.597E+0 7.845E-1 3.187E-1 1.881E-1 1.342E-1 1.065E-1 7.879E-2
 6.481E-2 4.930E-2 4.395E-2 4.069E-2 4.046E-2 4.120E-2 4.233E-2 4.503E-2
 4.785E-2 5.437E-2 5.952E-2 6.727E-2
 77IR IRIDIUM
 1.044E+2 1.500E+2 7.111E+1 2.425E+1 1.119E+1 6.135E+0 3.759E+0 8.326E+0
 4.680E+0 1.656E+0 8.130E-1 3.293E-1 1.934E-1 1.376E-1 1.087E-1 8.001E-2
 6.562E-2 4.976E-2 4.436E-2 4.107E-2 4.084E-2 4.160E-2 4.275E-2 4.550E-2
 4.838E-2 5.497E-2 6.020E-2 6.806E-2
 78PT PLATINUM
 1.086E+2 1.548E+2 7.362E+1 2.518E+1 1.164E+1 6.383E+0 3.916E+0 8.469E+0
 4.814E+0 1.709E+0 8.387E-1 3.386E-1 1.980E-1 1.402E-1 1.105E-1 8.095E-2
 6.618E-2 5.001E-2 4.459E-2 4.128E-2 4.104E-2 4.181E-2 4.299E-2 4.576E-2
 4.865E-2 5.532E-2 6.060E-2 6.853E-2
 79AU GOLD
 1.134E+2 1.606E+2 7.665E+1 2.626E+1 1.215E+1 6.673E+0 4.094E+0 1.915E+0
 4.974E+0 1.770E+0 8.692E-1 3.499E-1 2.038E-1 1.437E-1 1.129E-1 8.229E-2
 6.712E-2 5.053E-2 4.501E-2 4.168E-2 4.145E-2 4.224E-2 4.343E-2 4.625E-2
 4.919E-2 5.593E-2 6.132E-2 6.937E-2
 80HG MERCURY
 1.173E+2 1.650E+2 7.905E+1 2.713E+1 1.257E+1 6.907E+0 4.241E+0 1.985E+0
 5.090E+0 1.819E+0 8.923E-1 3.585E-1 2.079E-1 1.461E-1 1.143E-1 8.299E-2
 6.745E-2 5.065E-2 4.508E-2 4.173E-2 4.151E-2 4.231E-2 4.350E-2 4.635E-2
 4.930E-2 5.608E-2 6.150E-2 6.958E-2
 81TL THALLIUM
 1.212E+2 1.465E+2 8.138E+1 2.799E+1 1.299E+1 7.146E+0 4.391E+0 2.054E+0
 5.206E+0 1.865E+0 9.152E-1 3.668E-1 2.120E-1 1.484E-1 1.158E-1 8.361E-2
 6.777E-2 5.070E-2 4.512E-2 4.176E-2 4.154E-2 4.233E-2 4.354E-2 4.639E-2
 4.936E-2 5.617E-2 6.158E-2 6.972E-2
 82PB LEAD
 1.257E+2 1.084E+2 8.411E+1 2.900E+1 1.349E+1 7.426E+0 4.563E+0 2.135E+0
 5.355E+0 1.921E+0 9.432E-1 3.772E-1 2.172E-1 1.514E-1 1.178E-1 8.472E-2
 6.844E-2 5.102E-2 4.536E-2 4.199E-2 4.175E-2 4.257E-2 4.379E-2 4.667E-2
 4.965E-2 5.653E-2 6.202E-2 7.019E-2
 83BI BISMUTH
 1.310E+2 1.127E+2 8.720E+1 3.017E+1 1.406E+1 7.747E+0 4.764E+0 2.231E+0
 5.538E+0 1.985E+0 9.761E-1 3.897E-1 2.236E-1 1.555E-1 1.205E-1 8.625E-2
 6.947E-2 5.161E-2 4.586E-2 4.243E-2 4.220E-2 4.301E-2 4.425E-2 4.716E-2
 5.018E-2 5.716E-2 6.272E-2 7.103E-2
 84PO POLONIUM
 1.376E+2 1.185E+2 9.115E+1 3.164E+1 1.477E+1 8.150E+0 5.014E+0 2.348E+0
 5.784E+0 2.070E+0 1.018E+0 4.057E-1 2.322E-1 1.609E-1 1.244E-1 8.858E-2
 7.112E-2 5.265E-2 4.673E-2 4.325E-2 4.300E-2 4.383E-2 4.509E-2 4.807E-2
 5.117E-2 5.830E-2 6.394E-2 7.246E-2
 85AT ASTATINE
 1.437E+2 1.243E+2 9.459E+1 3.301E+1 1.544E+1 8.525E+0 5.249E+0 2.460E+0
 5.962E+0 2.146E+0 1.057E+0 4.205E-1 2.399E-1 1.656E-1 1.277E-1 9.057E-2
 7.248E-2 5.345E-2 4.743E-2 4.386E-2 4.359E-2 4.444E-2 4.572E-2 4.874E-2
 5.188E-2 5.913E-2 6.489E-2 7.354E-2
 86RN RADON
 1.427E+2 1.225E+2 9.327E+1 3.269E+1 1.532E+1 8.471E+0 5.221E+0 2.447E+0
 5.879E+0 2.114E+0 1.042E+0 4.139E-1 2.355E-1 1.622E-1 1.246E-1 8.799E-2
 7.021E-2 5.161E-2 4.575E-2 4.227E-2 4.201E-2 4.281E-2 4.405E-2 4.696E-2
 5.000E-2 5.699E-2 6.256E-2 7.090E-2
 87FR FRANCIUM
 1.488E+2 5.231E+1 9.690E+1 3.408E+1 1.599E+1 8.854E+0 5.461E+0 2.561E+0
 1.442E+0 2.190E+0 1.080E+0 4.290E-1 2.433E-1 1.670E-1 1.280E-1 8.997E-2
 7.161E-2 5.242E-2 4.641E-2 4.286E-2 4.259E-2 4.341E-2 4.466E-2 4.760E-2
 5.070E-2 5.781E-2 6.346E-2 7.196E-2
 88RA RADIUM
 1.537E+2 5.413E+1 9.983E+1 3.520E+1 1.654E+1 9.169E+0 5.659E+0 2.656E+0
 1.496E+0 2.249E+0 1.109E+0 4.401E-1 2.491E-1 1.705E-1 1.304E-1 9.123E-2
 7.237E-2 5.277E-2 4.669E-2 4.309E-2 4.280E-2 4.362E-2 4.487E-2 4.784E-2
 5.095E-2 5.810E-2 6.379E-2 7.233E-2
 89AC ACTINIUM
 1.600E+2 5.646E+1 1.036E+2 3.664E+1 1.725E+1 9.571E+0 5.911E+0 2.778E+0
 1.564E+0 2.325E+0 1.149E+0 4.556E-1 2.572E-1 1.756E-1 1.339E-1 9.331E-2
 7.380E-2 5.361E-2 4.740E-2 4.369E-2 4.338E-2 4.420E-2 4.546E-2 4.847E-2
 5.164E-2 5.890E-2 6.469E-2 7.339E-2
 90TH THORIUM
 1.636E+2 5.787E+1 9.113E+1 3.743E+1 1.766E+1 9.816E+0 6.066E+0 2.851E+0
 1.606E+0 2.362E+0 1.169E+0 4.633E-1 2.610E-1 1.778E-1 1.352E-1 9.385E-2
 7.398E-2 5.353E-2 4.726E-2 4.355E-2 4.322E-2 4.403E-2 4.528E-2 4.827E-2
 5.142E-2 5.866E-2 6.443E-2 7.312E-2
 91PA PROTACTINIUM
 1.715E+2 6.075E+1 6.763E+1 3.924E+1 1.855E+1 1.032E+1 6.385E+0 3.005E+0
 1.692E+0 2.461E+0 1.221E+0 4.834E-1 2.718E-1 1.847E-1 1.401E-1 9.684E-2
 7.612E-2 5.486E-2 4.840E-2 4.454E-2 4.419E-2 4.501E-2 4.627E-2 4.933E-2
 5.254E-2 5.995E-2 6.588E-2 7.476E-2
 92 U URANIUM
 1.737E+2 6.162E+1 6.845E+1 3.976E+1 1.881E+1 1.048E+1 6.489E+0 3.057E+0
 1.722E+0 2.477E+0 1.230E+0 4.873E-1 2.735E-1 1.854E-1 1.403E-1 9.662E-2
 7.569E-2 5.436E-2 4.789E-2 4.403E-2 4.365E-2 4.445E-2 4.569E-2 4.869E-2
 5.187E-2 5.921E-2 6.507E-2 7.387E-2
 93NP NEPTUNIUM
 1.819E+2 6.463E+1 7.176E+1 4.158E+1 1.972E+1 1.101E+1 6.823E+0 3.217E+0
 1.813E+0 2.578E+0 1.283E+0 5.080E-1 2.847E-1 1.925E-1 1.454E-1 9.970E-2
 7.789E-2 5.571E-2 4.902E-2 4.502E-2 4.460E-2 4.540E-2 4.665E-2 4.971E-2
 5.296E-2 6.045E-2 6.647E-2 7.548E-2
 94PU PLUTONIUM
 1.879E+2 6.683E+1 7.434E+1 4.292E+1 2.040E+1 1.140E+1 7.077E+0 3.342E+0
 1.883E+0 2.647E+0 1.319E+0 5.225E-1 2.925E-1 1.974E-1 1.488E-1 1.017E-1
 7.915E-2 5.639E-2 4.955E-2 4.546E-2 4.500E-2 4.579E-2 4.702E-2 5.010E-2
 5.337E-2 6.095E-2 6.701E-2 7.613E-2
 95AM AMERICIUM
 1.923E+2 6.853E+1 7.658E+1 4.389E+1 2.093E+1 1.171E+1 7.278E+0 3.440E+0
 1.939E+0 2.696E+0 1.345E+0 5.331E-1 2.980E-1 2.007E-1 1.510E-1 1.028E-1
 7.981E-2 5.660E-2 4.966E-2 4.551E-2 4.502E-2 4.579E-2 4.700E-2 5.007E-2
 5.335E-2 6.093E-2 6.700E-2 7.614E-2
 96CM CURIUM
 1.969E+2 7.025E+1 7.866E+1 4.486E+1 2.146E+1 1.204E+1 7.486E+0 3.543E+0
 1.998E+0 2.746E+0 1.370E+0 5.439E-1 3.037E-1 2.042E-1 1.533E-1 1.039E-1
 8.049E-2 5.684E-2 4.981E-2 4.558E-2 4.505E-2 4.580E-2 4.698E-2 5.005E-2
 5.331E-2 6.092E-2 6.701E-2 7.617E-2
 97BK BERKELIUM
 2.045E+2 7.315E+1 8.104E+1 4.657E+1 2.236E+1 1.255E+1 7.819E+0 3.706E+0
 2.091E+0 2.842E+0 1.420E+0 5.637E-1 3.145E-1 2.111E-1 1.581E-1 1.068E-1
 8.251E-2 5.802E-2 5.078E-2 4.639E-2 4.582E-2 4.655E-2 4.772E-2 5.084E-2
 5.416E-2 6.187E-2 6.808E-2 7.743E-2
 98CF CALIFORNIUM
 2.088E+2 7.486E+1 8.287E+1 4.753E+1 2.291E+1 1.289E+1 8.031E+0 3.810E+0
 2.152E+0 2.896E+0 1.446E+0 5.748E-1 3.202E-1 2.147E-1 1.605E-1 1.081E-1
 8.325E-2 5.829E-2 5.093E-2 4.647E-2 4.585E-2 4.656E-2 4.770E-2 5.080E-2
 5.411E-2 6.184E-2 6.807E-2 7.744E-2
 99ES EINSTEINIUM
 2.158E+2 7.755E+1 3.712E+1 4.909E+1 2.375E+1 1.338E+1 8.344E+0 3.966E+0
 2.241E+0 2.984E+0 1.491E+0 5.929E-1 3.302E-1 2.210E-1 1.650E-1 1.107E-1
 8.500E-2 5.930E-2 5.172E-2 4.711E-2 4.644E-2 4.715E-2 4.825E-2 5.137E-2
 5.474E-2 6.255E-2 6.885E-2 7.838E-2
100FM FERMIUM
 2.196E+2 7.901E+1 3.788E+1 4.998E+1 2.421E+1 1.366E+1 8.532E+0 4.061E+0
 2.296E+0 3.008E+0 1.512E+0 6.019E-1 3.351E-1 2.239E-1 1.669E-1 1.116E-1
 8.547E-2 5.937E-2 5.170E-2 4.702E-2 4.630E-2 4.698E-2 4.804E-2 5.113E-2
 5.447E-2 6.227E-2 6.857E-2 7.807E-2
